4186
4188
4185
4138
4126
4127
4181
4200
4196
4213
4171
4109
4037
3989
3998
3993
4007
3999
4004
3997
3990
3964
3933
3894
3843
3783
3759
3731
3709
3701
3690
3701
3679
3688
3690
3686
3693
3693
3676
3679
3667
3668
3664
3686
3727
3732
3753
3845
3967
3971
3983
3982
3992
4012
4052
4042
4011
3977
3950
3940
3946
3949
3944
3926
3937
3916
3918
3917
3914
3915
3916
3929
4035
4042
4045
4043
4038
3962
3939
3907
3902
3902
3888
3860
3870
3844
3798
3794
3482
3464
3455
3591
3602
3596
3597
3585
3595
3558
3561
3542
3527
3532
3544
3526
3513
3514
3499
3486
3494
3524
3538
3527
3515
3511
3531
3569
3576
3592
3641
3691
3718
3734
3713
3723
3749
3775
3774
3821
3896
4156
4380
4375
4413
4575
4741
4753
4767
4751
4678
4623
4633
4590
4501
4466
4228
3630
3618
3625
3568
3515
3590
3663
3677
3870
3868
3858
3848
3844
3812
3797
3776
3759
3719
3657
3554
3460
3435
3405
3390
3387
3371
3346
3333
3468
3494
3485
3448
3431
3404
3390
3370
3356
3352
3321
3306
3297
3301
3335
3335
3354
3362
3374
3378
3422
3458
3475
3490
3494
3486
3471
3464
3495
3550
3566
3585
3598
3604
3623
3637
3655
3652
3639
3658
3654
3675
3704
3714
3724
3729
3753
3788
3791
3755
3661
3637
3596
3612
3596
3582
3566
3580
3607
3656
3762
3801
3802
3834
3825
3839
3837
3840
3837
3826
3834
3832
3827
3857
3879
4046
4059
4074
4090
4113
4108
4117
4126
4167
4169
4180
4169
4165
4141
4120
4066
4037
3994
3999
4028
4031
4041
4029
4018
3999
3987
3977
3961
3944
3938
3949
3958
3969
3980
4017
4017
4065
4087
4081
4069
4082
4081
4078
4083
4099
4095
4096
4094
4093
4093
4105
4114
4104
4099
4120
4112
4089
4030
4032
4009
4013
4013
4019
4016
4017
4030
4026
4008
4028
4024
4020
4013
4005
3964
3930
3846
3832
3820
3779
3746
3711
3690
3671
3675
3752
3784
3797
3789
3781
3776
3756
3709
3709
3696
3707
3706
3703
3710
3698
3710
3708
3704
3682
3662
3691
3690
3713
3721
3698
3693
3693
3673
3635
3605
3595
3599
3598
3582
3573
3566
3577
3577
3586
3587
3583
3566
3566
3579
3586
3588
3580
3594
3637
3682
3702
3703
3730
3731
3723
3684
3673
3616
3572
3512
3491
3479
3461
3453
3438
3435
3443
3491
3499
3503
3494
3493
3498
3493
3483
3479
3576
3670
3761
3763
3774
3788
3796
3815
3878
3888
3902
3892
3891
3901
3908
3901
3888
3900
3896
3886
3851
3812
3804
3814
3810
3830
3875
3921
3955
3949
3942
3924
3936
3951
3958
3970
3949
3940
3953
3983
3996
4016
4010
4011
4002
3973
3959
3933
3924
3929
3931
3929
3933
3924
3923
3946
3952
4022
4068
4073
4101
4108
4146
4158
4177
4181
4182
4168
4156
4154
4210
4214
4217
4228
4236
4246
4274
4239
4227
4236
4235
4210
4189
4186
4199
4191
4167
4144
4050
4010
3990
3990
3981
3976
3969
3694
3571
3552
3516
3522
3492
3490
3499
3526
3549
3598
3631
3665
3679
3714
3751
3774
3852
3902
3928
3931
3939
3926
3924
3909
3895
3903
3873
3889
3895
3879
3866
3842
3811
3792
3827
3819
3839
3835
3836
3853
3833
3803
3800
3777
3797
3787
3783
3792
3783
3787
3789
3792
3809
3822
3812
3808
3808
3822
3817
3806
3799
3777
3770
3755
3734
3727
3656
3597
3507
3445
3436
3457
3523
3539
3602
3653
3684
3711
3773
3779
3787
3798
3791
3802
3807
3824
3811
3827
3816
3811
3798
3797
3784
3788
3781
3800
3782
3780
3774
3768
3779
3773
3782
3777
3769
3762
3736
3712
3714
3721
3769
4446
5292
5175
4546
3746
3757
3781
4063
4483
4348
4123
3978
3962
3890
3718
3599
3358
3374
3480
3598
3594
3586
3574
3577
3634
3700
3717
3732
3819
3819
3804
3761
3971
3974
3970
3963
3910
3894
3891
3874
3882
3880
3815
3772
3751
3747
3718
3704
3724
3739
3738
3742
3763
3769
3778
3888
3944
3929
3896
3847
3806
3783
3751
3756
3750
3759
3749
3743
3725
3705
3708
3689
3702
3702
3679
3653
3655
3672
3664
3688
3695
3688
3692
3710
3723
3741
3738
3756
3755
3761
3762
3769
3894
4054
4123
4125
4129
4116
4115
4120
4106
4041
3726
3539
2941
2823
2764
2706
2714
2860
2829
3011
2990
2977
2940
2965
3362
3345
3708
3728
3718
3724
3734
3735
3716
3684
3627
3590
3564
3558
3561
3535
3500
3446
3420
3402
3406
3400
3405
3386
3408
3477
3533
3564
3564
3572
3561
3582
3572
3581
3584
3591
3597
3690
3769
3806
3855
3879
3889
3913
3922
3937
3939
3954
3978
3988
4090
4287
4299
4318
4297
4256
4224
4209
4218
4236
4227
4213
4119
4147
4197
4204
4193
4171
4121
4080
4074
4031
4001
3982
3949
3916
3470
3477
3480
3455
3476
3640
3666
4346
4297
4193
4225
4206
4108
4088
4064
4080
4086
4080
4046
4026
3925
3888
3861
3861
3854
3869
3873
3892
3881
3887
3895
3873
3874
3854
3833
3839
3829
3841
3870
3872
3880
3918
3920
3932
3925
3929
3949
3946
3926
3927
3894
3867
3795
3714
3680
3657
3632
3600
3667
3882
3869
3851
3825
3821
3855
3862
3884
3893
3890
3852
3768
3815
3815
3789
3779
3748
3749
3751
3876
3876
3878
3883
3858
3849
3844
3845
3854
3860
3846
3791
3784
3759
3716
3709
3686
3639
3634
3627
3633
3626
3611
3606
3596
3625
3656
3664
3667
3660
3654
3650
3604
3575
3629
3670
3677
3657
3667
3681
3667
3694
3689
3689
3703
3682
3699
3740
3765
3804
3826
3840
3841
3838
3843
3837
3851
3905
3962
3997
4010
3997
3981
3968
3925
3830
3814
3781
3733
3731
3728
3741
3717
3725
3693
3674
3628
3631
3626
3624
3627
3631
3660
3658
3657
3669
3639
3619
3527
3465
3436
3402
3368
3341
3355
3370
3461
3475
3477
3479
3448
3425
3394
3359
3368
3370
3383
3391
3416
3435
3437
3430
3436
3435
3458
3472
3506
4399
5330
5226
4976
4851
4888
4780
4586
4479
4329
4282
4267
4200
4151
4135
4101
4021
3962
3933
3883
3841
3811
3875
3928
4048
4151
4162
4122
4086
4099
4071
3963
3798
3777
3682
3389
2891
2976
3065
3103
3124
3085
3090
3132
3136
3094
3060
3036
3008
3033
3022
3137
3243
3546
3576
3581
3576
3569
3560
3609
3668
3683
3678
3709
3735
3738
3745
3693
3646
3636
3631
3641
3632
3650
3645
3675
3720
3759
3860
3917
3924
3939
3924
3935
3976
4008
4019
4019
4001
3967
3923
3895
3651
3362
3292
3237
3170
3452
4059
4236
3893
3025
2300
1918
2752
3213
3309
3385
3620
3719
3749
3890
4128
4278
4351
4354
4467
4517
4527
4388
4001
3963
3681
3269
3561
3628
3885
4005
4059
4107
4134
3879
3873
3894
3888
3906
3926
3944
3973
4000
4004
3995
4047
4045
4027
3926
3873
3851
3827
3751
3492
3320
3242
3147
3080
3127
3133
3459
3625
3610
3638
3316
3069
3397
3689
3735
3726
3356
3491
3891
3854
3871
3911
3924
3904
3918
4009
4120
4171
4188
4193
4130
4037
4016
3949
3877
3807
3778
3778
3761
3735
3690
3702
3702
3721
3723
3733
3729
3746
3724
3771
3867
3936
3938
3939
3984
3982
3966
3896
3864
3801
3722
3655
3621
3543
3516
3479
3413
3371
3305
3289
3265
3268
3267
3282
3260
3251
3241
3258
3245
3239
3246
3266
3331
3380
3380
3369
3360
3357
3365
3398
3420
3434
3441
3469
3495
3552
3584
3960
4272
4186
4087
4023
3995
3904
3800
3758
3747
3839
3866
3797
3662
3409
3465
3723
3722
4031
4781
4741
4449
4313
3768
3000
3343
3318
3402
3916
4344
4972
5179
5403
5458
4867
4620
3261
2477
2232
2308
2652
3134
3195
4040
4300
4471
4520
3952
3915
3797
3595
3807
3851
3883
3922
3646
3550
3288
3182
3246
3247
3278
3260
3393
3442
3447
3461
3444
3430
3577
3661
3644
3627
3617
3629
3638
3642
3634
3635
3650
3682
3750
3833
3834
3836
3847
3839
3816
3732
3717
3732
3741
3739
3746
3764
3742
3761
3761
3779
3802
3818
3831
3829
3835
3828
3833
3853
3897
3902
3937
4019
4120
4134
4177
4207
4224
4215
4236
4243
4259
4288
4283
4220
4147
4058
4036
4055
4049
4031
4038
4059
4098
4104
4106
4100
4097
4093
4070
4033
3731
3705
3839
3846
3783
3645
3512
3426
3390
3492
3527
3534
3512
3464
3330
3327
3752
3959
4010
4071
4110
4055
3949
3871
3787
3720
3685
3682
3629
3593
3607
3644
3721
3804
3831
3846
3862
3864
3875
3875
3880
3896
3902
3906
3888
3904
3897
3912
3904
3907
3893
3895
3886
3885
3886
3887
3880
3885
3874
3871
3838
3847
3829
3804
3782
3755
3779
3746
3725
3678
3624
3606
3579
3516
3493
3456
3437
3384
3286
3161
3129
3145
3156
3123
3121
3126
3162
3163
3253
3278
3344
3366
3362
3366
3373
3348
3332
3314
3335
3351
3398
3437
3480
3756
3863
3830
3805
3797
3910
4016
4106
4197
4277
4328
4363
4393
4418
4411
4443
4466
4492
4493
4464
4449
4304
4125
4130
4119
4097
4057
3845
3420
3365
3421
3647
3658
3701
3720
3734
3757
3743
3754
3809
3807
3803
3782
3792
3785
3814
3887
4095
4104
4091
4090
4109
4131
4121
4117
4165
4153
4161
4132
4100
4115
4122
4084
4077
4047
4018
3998
4002
3989
3970
3955
3945
3932
3931
3923
3869
3858
3842
3819
3787
3750
3736
3725
3726
3686
3658
3632
3603
3579
3555
3530
3514
3480
3463
3437
3412
3373
3357
3329
3324
3330
3363
3399
3408
3459
3451
3457
3448
3442
3448
3434
3462
3456
3462
3547
3576
3570
3566
3562
3569
3639
3657
3691
3723
3737
3733
3765
3786
3812
3842
3838
3854
4078
4079
4070
4091
4099
4110
4137
4145
4132
4089
4049
4044
4033
4023
4022
4017
3986
3981
3986
3967
3976
3915
3913
3900
3878
3869
3859
3826
3797
3798
3771
3788
3794
3790
3800
3790
3780
3758
3769
3766
3765
3786
3794
3787
3800
3799
3830
3897
3929
3935
3948
3955
3951
3956
3962
3961
3960
3976
4002
4007
4013
4010
4012
4006
4005
4018
4069
4072
4068
4079
4077
4083
4090
4082
4057
3985
3990
3980
3964
3904
3894
3872
3817
3175
3155
3185
3143
3118
3065
3270
3300
3326
3331
3334
3335
3358
3372
3391
3413
3412
3400
3401
3394
3400
3438
3505
3525
3535
3541
3778
3923
3911
3883
3861
3860
3858
3849
3865
3841
3802
3748
3710
3727
3732
3744
3721
3734
3724
3731
3752
3787
3807
3817
3794
3767
3815
4048
4358
4403
4410
4363
4017
3171
2902
2655
2500
2752
3462
3520
3498
3508
3710
3712
3891
3941
3957
4280
4376
4407
4385
4287
4296
4282
4192
4142
4165
4164
4107
4045
3981
3944
3921
3907
3878
3844
3673
3619
3633
3586
3558
3536
3513
3500
3487
3466
3426
3414
3378
3389
3367
3356
3340
3326
3308
3298
3331
3326
3329
3310
3272
3263
3239
3220
3172
3160
3157
3141
3113
3056
3060
3124
3272
3320
3353
3346
3347
3358
3401
3390
3403
3424
3470
3524
3584
3575
3576
3598
3771
3771
3774
3773
3797
3800
3801
3808
3820
3820
3823
3820
3816
3838
3840
3846
3844
3858
3930
3933
3945
3936
3877
3853
3851
3826
3784
3769
3725
3702
3659
3641
3609
3626
3607
3644
3614
3626
3605
3557
3517
3506
3492
3485
3589
3691
3713
3825
3918
3980
3985
4010
4344
4791
4817
4780
4611
4467
4340
4252
4225
4177
4151
4149
4155
4164
4177
4155
4073
3999
3844
3798
3786
3745
3699
3668
3658
3616
3567
3546
3539
3579
4495
4489
4529
4566
4568
3767
3450
3398
3317
3382
3239
3127
3021
2983
2951
2921
2998
3355
4297
4535
4682
4828
4770
4699
3963
3727
3691
3689
3727
3768
3785
3706
4037
4196
4044
3934
3837
3735
3633
3559
3479
3394
3329
3320
4197
5055
5079
5032
4340
3444
3157
3161
3405
3398
3330
3364
3456
3476
3445
3373
3312
3378
3561
3497
3433
3407
3384
3364
3468
3549
3537
3500
3487
3455
3425
3387
3343
3338
3335
3307
3299
3319
3333
3331
3400
3531
3559
3695
3691
3712
3745
3748
3729
3680
3632
2958
2824
2756
3462
3675
3746
3776
3841
3879
3658
3556
3571
3605
3638
3645
3634
3635
3647
3634
3659
3678
3715
3790
3847
3843
3805
3788
3810
3814
3798
3772
3816
3883
3920
3998
4032
4081
4100
4145
4185
4206
4185
4158
4131
4144
4163
4177
4177
4189
4203
4219
4211
4213
4215
4198
4159
4100
4104
4103
4114
4131
4128
4100
4105
4084
4084
4087
4048
4052
4063
4070
4066
4036
4045
4036
3990
3957
3940
3915
3862
3822
3749
3663
3607
3588
3526
3481
3448
3413
3395
3383
3394
3455
3502
3497
3485
3475
3476
3465
3442
3439
3427
3404
3384
3313
3275
3341
3438
3520
3506
3514
3512
3504
3503
3499
3496
3498
3525
3539
3602
3731
3746
3831
4036
4053
4080
4103
4125
4137
4158
4169
4201
4273
4320
4342
4342
4274
4227
4184
4202
4203
4211
4125
4032
2807
2623
3292
4265
4473
4540
3821
3741
3568
3492
3332
3118
3047
3032
2970
2889
2909
2898
2858
2806
2760
2824
2868
2962
3070
3120
3240
3301
3527
3682
3706
3712
3712
3774
3882
3937
3966
3964
3953
3956
3969
3970
3993
4002
4027
4026
4012
3998
3990
3978
3981
3985
3984
4000
4008
4009
4003
4007
4003
4020
4083
4121
4137
4176
4200
4206
4226
4227
4254
4269
4314
4334
4355
4369
4354
4099
4108
3371
3386
3381
3368
3333
3278
3233
3182
4172
4260
4167
4010
3930
3844
3714
3596
3574
3589
3582
3594
3639
3657
3678
3702
3750
3754
3737
3657
3636
3679
3709
3729
3806
3870
3903
3941
4015
4078
4083
4094
4097
4082
4022
3962
3927
3917
3914
3902
3912
3882
3882
3829
3799
3792
3764
3750
3745
3748
3741
3732
3718
3720
3747
3804
3861
3882
3899
3914
3909
3893
3855
3839
3834
3877
3885
3880
3896
3891
3883
3830
3779
3739
3751
3734
3774
3801
3833
3844
3842
4006
4039
4045
4062
4070
4034
3977
3943
3911
3882
3853
3797
3079
2934
3441
3588
3590
3512
3465
3359
3296
3273
3282
3299
3311
4811
5211
4400
4078
4015
3972
3919
3851
3834
3797
3839
3872
3934
3989
4021
4016
4014
4023
4094
4163
4184
4243
4315
4317
4333
4300
4261
4252
4282
4301
4317
4314
4304
4287
4267
4258
4232
4210
4176
4157
4138
4127
4128
4144
4174
4177
4175
4175
4199
4202
4208
4225
4226
4231
4226
4219
4224
4207
4196
4168
4103
4079
4037
4003
3990
3996
4000
3989
3976
3925
3808
3756
3746
3708
3717
3747
3740
3751
3748
3751
3754
3752
3756
3643
3562
3533
3513
3494
3477
3898
4167
4182
4209
4228
4241
4269
4287
4323
4333
4347
4368
4357
4298
4221
4149
4095
4067
3967
3915
3867
3809
3790
3775
3741
3735
3736
3790
3929
3941
3984
3994
4007
3988
3985
3799
3324
3348
3737
4889
4917
4937
4947
4662
3773
3427
3008
3075
3771
3752
3806
3760
3742
3711
3716
3703
3683
3672
3912
3920
4047
4068
4075
4097
4122
4160
4193
4206
4228
4243
4238
4227
4223
4205
4292
4314
4306
4242
4206
4182
4181
4041
3965
3900
3810
3751
3660
3620
3549
3549
3551
3545
3548
3505
3408
3334
3310
3281
3256
3251
3259
3282
3304
3304
3299
3350
3399
3439
3486
3466
3485
3456
3460
3472
3492
3476
3472
3461
3449
3451
3462
3448
3445
3429
3425
3423
3392
3372
3364
3368
3357
3414
3598
3642
3815
3831
3847
3857
3870
3868
3877
3883
3860
3866
3815
3746
3701
3645
3634
3621
3622
3599
3607
3610
3587
3537
3522
3491
3535
3560
3553
3551
3570
3598
3601
3617
3647
3650
3655
3652
3654
3665
3672
3666
3657
3656
3648
3626
3619
3586
3554
3525
3525
3506
3497
3520
3530
3529
3530
3545
3586
3592
3623
3629
3637
3647
3650
3658
3667
3650
3674
3671
3664
3682
3671
3641
3638
3657
3710
3761
3769
3827
3856
3864
3884
3894
3895
3882
3875
3851
3867
3856
3870
3889
3910
3949
3972
3999
3995
3995
4000
4011
4030
4022
4042
4080
4078
4089
4092
4109
4105
4089
4066
4043
3980
3969
3577
3457
3422
3389
3336
3348
3414
3452
3489
3484
3453
3421
3477
3529
3547
3529
3514
3509
3470
3407
3394
3399
3444
3476
3489
3483
3488
3513
3737
3888
3883
3866
3845
3847
3857
3871
3860
3873
3853
3855
3839
3817
3806
3830
3861
3910
3942
3971
3999
4033
4073
4098
4128
4129
4119
4124
4133
4135
4149
4165
4162
4158
4160
4135
4104
4044
4036
4061
4056
4058
4077
4108
4108
4087
4082
4043
4046
4058
4066
4053
4039
4011
4021
4016
3999
3997
3840
3828
3824
3806
3814
3835
3847
3847
3830
3783
3765
3763
3707
3608
3532
3494
3486
3494
3512
3491
3490
3414
3363
3311
3393
3453
3438
3458
3476
3466
3447
3459
3468
3539
3830
4077
4117
4197
4317
4391
4421
4457
4453
4433
4459
4437
4437
4572
4579
4589
4536
4462
4336
4174
4139
4123
4118
4095
4106
4107
4114
4098
4070
4042
3964
3972
3963
3961
3947
3956
3952
3916
3899
3899
3892
3894
3888
3903
3966
3970
3969
3955
3955
3917
3899
3881
3850
3794
3804
3809
3787
3798
3796
3763
3747
3740
3865
3896
3925
3947
3948
3955
3959
3993
4004
3992
3958
3922
3887
3894
3869
3844
3814
3784
3781
3795
3776
3773
3755
3757
3743
3752
3719
3721
3696
3680
3648
3599
3559
3544
3525
3510
3504
3493
3543
3657
3643
3659
3666
3650
3649
3670
3688
3688
3714
3704
3707
3692
3707
3694
3698
3705
3695
3691
3685
3665
3656
3638
3617
3619
3616
3623
3875
3897
3895
3883
3879
3857
3851
3830
3829
3789
3773
3779
3788
3794
3785
3785
3775
3766
3772
3785
3781
3758
3699
3672
3708
3700
3711
3736
3749
3764
3755
3742
3746
3798
3864
3914
3945
3996
4052
4065
4256
4522
4559
4565
4574
4575
4545
4501
4446
4437
4422
4390
4377
4344
4308
4296
4270
4286
4259
4097
3690
3771
3814
3797
3759
3663
3630
3497
3450
3449
3525
4579
4668
4806
4851
4689
4512
4470
3362
3298
4083
3991
4003
4117
4190
4221
3963
3907
3928
3992
4042
4045
3893
3821
3781
3496
3364
3225
3004
2776
2668
2654
2690
2896
2970
3196
3364
3346
3350
3349
3359
3346
3358
3388
3405
3477
3558
3603
3595
3598
3598
3599
3587
3582
3575
3568
3545
3531
3509
3523
3513
3501
3553
3594
3606
3604
3637
3624
3632
3631
3639
3630
3625
3664
3678
3716
3742
3798
4054
4094
4143
4242
4323
4348
4395
4432
4440
4427
4416
4455
4476
4496
4510
4505
4469
4427
4387
4344
4318
4267
4278
4278
4249
4252
4232
4200
4163
4122
3358
3055
2996
2978
2936
2900
2905
2924
2929
2913
2872
2841
2828
2804
2902
3063
3161
3169
3279
3446
3827
4159
4192
4134
4049
4087
4132
4156
4123
4098
4146
4178
4183
4145
4115
4156
4169
4191
4170
4151
4037
3933
3884
3820
3815
3789
3761
3723
3643
3606
3586
3637
4018
4044
4040
4065
4066
4080
4020
3999
3973
3915
3955
3968
3993
4005
4005
3957
3938
3831
3827
3833
3761
3705
3644
3673
3777
3794
3820
3790
3762
3751
3746
3738
3703
3661
3659
3659
3668
3644
3628
3604
3577
3569
3594
3633
3664
3675
3675
3671
3675
3678
3680
3666
3661
3704
3732
3764
3761
3770
3776
3787
3783
3782
3778
3740
3707
3675
3696
3694
3690
3726
3721
3745
3768
3777
3763
3775
3783
3792
3779
3768
3755
3752
3758
3762
3783
3768
3788
3795
3787
3799
3802
3786
3762
3757
3747
3756
3752
3753
3756
3763
3761
3738
3746
3786
3811
3825
3813
3852
3890
4364
4440
4460
4476
4501
4485
4504
4548
4595
4631
4650
4593
4549
3329
2577
2337
3407
4204
4531
4354
3964
3730
3430
3575
3236
2890
2759
2655
2542
2482
2527
2710
2789
2787
2835
3026
3209
3546
3924
3926
3949
3940
3961
3992
4013
4012
4009
4019
4073
4126
4139
4141
4158
4157
4189
4215
4233
4267
4317
4418
4430
4450
4463
4445
4470
4487
4464
4453
4466
4447
4435
4408
4386
4387
4402
4398
4396
4402
4418
4412
4460
4483
4490
4512
4538
4549
4544
4529
4504
3305
3831
3911
3899
3772
3681
3925
3987
3963
3923
3875
3763
3612
3473
3419
3431
3441
3538
3583
3612
3661
3665
3599
3517
3424
3262
3151
3210
3307
3539
3710
3740
3744
3770
3794
3814
3829
3843
3863
3849
3856
3869
3841
3821
3822
3812
3804
3801
3806
3808
3825
3835
3864
3892
3931
3949
3956
3962
3972
3981
3978
3963
3920
3891
3883
3897
3919
3927
3925
3906
3926
3933
3949
3928
3942
3955
3944
3936
3934
3947
3956
3984
3994
3996
4007
4016
4010
3998
3973
3972
3953
3928
3932
3932
3951
3968
3988
3998
3992
4000
3991
3982
3978
3979
3976
3933
3614
2785
2785
3102
3238
3396
3431
3683
4094
4363
4526
4569
4582
4537
3515
2513
2863
3018
3771
4621
4625
4108
3474
3080
3295
3925
3915
4168
4742
4895
4779
4673
4713
4569
4524
4372
4264
4140
3987
3836
3821
3804
3792
3759
3780
3813
3835
4236
4345
4406
4449
4468
4443
4430
4418
4416
4425
4440
4444
4432
4416
4388
4368
4372
4404
4421
4422
4438
4406
4361
4289
4255
4221
4163
4118
4069
4070
4043
4021
4004
3977
3952
3903
3873
3844
3787
3720
3690
3666
3714
3794
3800
3795
3776
3759
3736
3721
3724
3704
3717
3709
3687
3632
3626
3629
3632
3675
3686
3706
3742
3755
3773
3758
3756
3762
3767
3771
3798
3805
3794
