5506
5519
5517
5516
5502
5506
5517
5492
5515
5500
5505
5489
5494
5485
5500
5484
5488
5479
5483
5469
5473
5474
5473
5462
5486
5494
5467
5490
5475
5490
5471
5484
5490
5491
5484
5494
5496
5492
5482
5476
5474
5469
5475
5471
5473
5475
5469
5478
5477
5469
5474
5457
5460
5463
5465
5466
5460
5463
5454
5448
5446
5443
5452
5452
5433
5428
5430
5430
5442
5426
5414
5415
5414
5407
5414
5399
5403
5400
5390
5386
5405
5386
5381
5379
5402
5397
5387
5395
5392
5396
5394
5385
5387
5393
5381
5373
5392
5392
5388
5380
5390
5379
5388
5378
5385
5375
5389
5378
5383
5368
5378
5365
5367
5376
5362
5371
5359
5355
5369
5366
5363
5348
5351
5361
5354
5357
5349
5341
5346
5338
5337
5338
5325
5338
5334
5329
5328
5323
5313
5317
5317
5304
5317
5294
5320
5324
5320
5333
5320
5329
5338
5333
5342
5339
5330
5344
5352
5360
5358
5354
5345
5354
5351
5359
5351
5353
5368
5353
5354
5368
5365
5373
5366
5369
5358
5376
5377
5364
5367
5356
5366
5354
5383
5367
5356
5376
5381
5367
5362
5377
5383
5367
5362
5368
5360
5356
5370
5350
5354
5356
5357
5368
5372
5353
5359
5380
5379
5365
5364
5379
5367
5377
5371
5374
5375
5380
5382
5383
5372
5372
5379
5374
5382
5365
5366
5367
5372
5374
5379
5367
5365
5357
5363
5371
5376
5373
5369
5358
5367
5359
5356
5353
5364
5346
5346
5343
5355
5341
5339
5350
5343
5341
5328
5334
5322
5330
5325
5327
5327
5330
5306
5326
5312
5315
5336
5327
5319
5325
5324
5333
5330
5329
5316
5327
5314
5324
5320
5328
5321
5306
5325
5320
5333
5313
5309
5306
5313
5308
5321
5297
5303
5307
5316
5297
5294
5296
5302
5296
5283
5279
5287
5276
5279
5278
5266
5270
5262
5260
5266
5247
5243
5249
5229
5222
5225
5210
5204
5196
5197
5189
5188
5176
5180
5163
5178
5166
5177
5179
5167
5162
5161
5163
5163
5153
5158
5150
5146
5149
5153
5144
5142
5133
5135
5123
5121
5116
5121
5109
5117
5096
5101
5095
5093
5096
5180
5282
5293
5285
5301
5284
5286
5306
5301
5299
5298
5304
5301
5295
5316
5313
5303
5307
5309
5313
5319
5309
5326
5311
5330
5327
5327
5332
5340
5324
5340
5351
5346
5350
5355
5359
5359
5373
5376
5378
5382
5384
5392
5380
5389
5397
5392
5399
5410
5411
5408
5420
5415
5409
5427
5424
5412
5435
5427
5433
5437
5434
5426
5438
5449
5440
5436
5449
5438
5448
5448
5464
5466
5459
5471
5453
5468
5478
5464
5473
5474
5471
5466
5475
5486
5483
5492
5487
5491
5480
5517
5504
5504
5515
5520
5513
5537
5532
5543
5541
5551
5552
5552
5561
5550
5566
5573
5568
5585
5571
5581
5586
5585
5582
5588
5594
5591
5601
5604
5606
5609
5609
5611
5621
5631
5619
5619
5622
5640
5633
5637
5646
5639
5641
5642
5634
5639
5641
5651
5633
5635
5625
5628
5633
5632
5637
5618
5626
5612
5621
5641
5632
5628
5640
5640
5639
5638
5632
5644
5646
5627
5644
5634
5648
5638
5636
5637
5636
5645
5632
5630
5630
5642
5634
5626
5634
5622
5636
5642
5629
5623
5628
5625
5626
5631
5631
5627
5617
5621
5632
5612
5621
5620
5607
5619
5610
5604
5597
5601
5613
5594
5601
5607
5575
5615
5587
5604
5606
5601
5581
5602
5608
5603
5603
5604
5607
5612
5607
5608
5616
5619
5622
5604
5611
5613
5614
5603
5607
5603
5617
5620
5613
5611
5609
5599
5600
5601
5598
5608
5598
5601
5594
5604
5598
5584
5607
5597
5596
5594
5597
5587
5593
5591
5578
5594
5585
5586
5586
5361
5302
5289
5284
5279
5257
5251
5248
5228
5240
5220
5197
5221
5203
5185
5190
5183
5179
5168
5151
5151
5136
5137
5110
5113
5119
5106
5102
5093
5098
5263
5292
5302
5293
5308
5301
5315
5310
5311
5300
5300
5319
5316
5317
5325
5303
5316
5314
5323
5312
5307
5318
5308
5316
5540
5536
5543
5546
5554
5553
5571
5571
5579
5572
5587
5585
5591
5608
5597
5601
5616
5588
5625
5629
5623
5635
5634
5638
5638
5638
5647
5648
5650
5643
5660
5661
5662
5675
5678
5667
5670
5681
5683
5677
5681
5685
5694
5691
5683
5686
5712
5688
5705
5696
5719
5705
5718
5702
5717
5700
5721
5716
5723
5720
5735
5723
5721
5729
5726
5726
5737
5741
5731
5740
5735
5744
5746
5741
5757
5744
5761
5752
5761
5758
5778
5773
5777
5789
5794
5797
5795
5815
5800
5567
5573
5567
5567
5575
5565
5554
5558
5565
5563
5560
5559
5547
5543
5551
5548
5546
5541
5531
5548
5533
5532
5531
5523
5530
5520
5528
5511
5517
5502
5513
5500
5497
5501
5503
5493
5499
5478
5476
5492
5483
5476
5471
5463
5469
5470
5453
5452
5456
5480
5471
5477
5462
5480
5471
5461
5474
5466
5469
5475
5459
5462
5456
5460
5458
5463
5466
5465
5460
5459
5460
5455
5458
5464
5459
5452
5441
5438
5453
5442
5435
5432
5447
5432
5436
5421
5438
5433
5432
5442
5429
5436
5414
5412
5433
5420
5412
5429
5407
5413
5407
5415
5404
5405
5394
5412
5402
5391
5381
5413
5424
5424
5427
5426
5435
5439
5447
5449
5446
5463
5450
5454
5470
5465
5479
5478
5484
5477
5483
5497
5496
5494
5502
5508
5516
5508
5521
5525
5523
5534
5519
5530
5535
5529
5530
5532
5534
5535
5545
5563
5544
5551
5560
5571
5556
5574
5557
5570
5584
5585
5581
5575
5571
5597
5592
5595
5589
5601
5577
5603
5625
5624
5619
5628
5632
5645
5641
5648
5646
5649
5658
5661
5658
5673
5682
5674
5679
5679
5685
5687
5685
5687
5698
5687
5699
5701
5699
5697
5717
5707
5722
5713
5730
5727
5730
5736
5733
5720
5729
5732
5743
5728
5727
5742
5751
5753
5742
5753
5745
5746
5747
5755
5666
5552
5545
5532
5542
5546
5521
5536
5536
5537
5530
5513
5521
5520
5518
5517
5517
5516
5523
5529
5535
5531
5525
5522
5523
5530
5525
5536
5535
5530
5518
5523
5523
5531
5523
5534
5510
5520
5529
5522
5528
5525
5515
5522
5517
5509
5516
5513
5507
5511
5502
5505
5510
5511
5507
5505
5505
5504
5503
5489
5497
5488
5497
5489
5498
5488
5484
5500
5493
5488
5514
5495
5513
5499
5506
5514
5509
5514
5511
5509
5519
5515
5518
5521
5517
5521
5522
5514
5517
5516
5530
5517
5521
5525
5527
5526
5528
5532
5499
5547
5536
5523
5526
5522
5520
5531
5527
5530
5520
5524
5536
5535
5532
5519
5521
5532
5534
5530
5525
5525
5530
5531
5534
5523
5519
5528
5507
5550
5531
5545
5534
5532
5543
5549
5549
5555
5558
5549
5550
5551
5550
5548
5554
5564
5556
5558
5555
5568
5558
5565
5569
5558
5573
5568
5577
5577
5559
5573
5575
5565
5570
5558
5573
5579
5574
5568
5564
5569
5583
5574
5578
5580
5568
5578
5560
5579
5560
5567
5580
5565
5569
5567
5559
5560
5572
5563
5561
5594
5591
5584
5583
5583
5588
5594
5605
5598
5595
5598
5591
5610
5602
5600
5604
5609
5604
5612
5616
5599
5599
5612
5622
5617
5617
5619
5612
5614
5616
5619
5627
5613
5622
5617
5615
5624
5615
5618
5626
5621
5629
5618
5616
5621
5615
5621
5616
5622
5621
5614
5619
5616
5609
5612
5606
5624
5619
5608
5609
5640
5632
5628
5633
5632
5630
5634
5637
5640
5639
5640
5653
5640
5651
5658
5646
5648
5660
5647
5644
5654
5649
5650
5655
5653
5663
5654
5648
5652
5662
5655
5658
5645
5656
5659
5645
5647
5663
5663
5663
5655
5660
5665
5662
5650
5668
5653
5660
5650
5654
5660
5655
5648
5658
5653
5652
5653
5664
5647
5644
5659
5666
5659
5669
5672
5672
5667
5667
5671
5666
5680
5671
5685
5671
5681
5678
5676
5671
5683
5686
5676
5677
5672
5677
5688
5678
5670
5687
5681
5677
5691
5693
5676
5682
5688
5681
5687
5690
5691
5686
5685
5682
5674
5681
5691
5678
5680
5682
5683
5670
5686
5686
5677
5679
5675
5668
5657
5669
5682
5666
5700
5695
5691
5686
5692
5700
5705
5710
5696
5709
5711
5699
5719
5707
5720
5711
5707
5719
5708
5707
5703
5715
5724
5717
5727
5718
5715
5710
5728
5728
5724
5728
5723
5732
5721
5723
5732
5721
5716
5728
5725
5725
5732
5735
5733
5715
5712
5731
5728
5734
5710
5727
5721
5718
5711
5731
5724
5721
5710
5712
5748
5738
5742
5734
5749
5742
5736
5742
5735
5743
5757
5761
5743
5764
5759
5627
5555
5562
5552
5551
5548
5535
5525
5517
5517
5512
5516
5499
5493
5500
5484
5479
5479
5471
5452
5465
5443
5437
5428
5430
5422
5417
5426
5403
5404
5403
5380
5381
5362
5370
5358
5355
5341
5336
5337
5322
5326
5305
5314
5290
5302
5303
5290
5292
5283
5290
5278
5274
5279
5260
5269
5271
5270
5273
5277
5264
5278
5268
5266
5265
5261
5266
5357
5499
5516
5515
5508
5525
5525
5530
5536
5550
5551
5548
5563
5571
5564
5568
5577
5587
5596
5594
5597
5593
5615
5621
5632
5629
5631
5633
5639
5655
5650
5652
5660
5654
5666
5669
5671
5673
5704
5710
5726
5708
5745
5742
5747
5751
5765
5762
5778
5773
5790
5800
5798
5805
5822
5814
5831
5827
5833
5845
5838
5853
5845
5863
5869
5870
5867
5866
5868
5866
5853
5849
5873
5862
5856
5869
5859
5858
5869
5869
5855
5864
5871
5859
5863
5855
5868
5863
5873
5868
5855
5868
5860
5866
5851
5866
5863
5852
5884
5869
5782
5626
5623
5618
5622
5608
5614
5599
5600
5602
5595
5583
5577
5585
5578
5579
5560
5551
5559
5548
5550
5554
5541
5533
5529
5512
5516
5510
5498
5509
5487
5490
5478
5477
5479
5459
5466
5463
5451
5444
5439
5434
5428
5417
5419
5403
5414
5400
5392
5391
5391
5382
5362
5357
5362
5366
5368
5347
5362
5366
5377
5375
5371
5380
5368
5364
5365
5374
5365
5368
5380
5359
5362
5372
5518
5531
5535
5528
5527
5542
5528
5536
5531
5537
5536
5536
5538
5548
5544
5536
5551
5551
5546
5555
5551
5550
5550
5550
5566
5565
5562
5568
5554
5548
5560
5563
5556
5554
5567
5576
5575
5569
5578
5560
5561
5564
5569
5561
5581
5597
5593
5603
5596
5612
5608
5616
5619
5634
5637
5638
5643
5641
5653
5647
5649
5658
5652
5658
5667
5674
5667
5682
5672
5680
5680
5687
5693
5680
5697
5699
5693
5699
5703
5702
5703
5702
5701
5693
5705
5712
5714
5708
5710
5734
5713
5730
5708
5712
5718
5711
5712
5704
5710
5703
5694
5713
5708
5694
5723
5733
5717
5721
5725
5724
5731
5727
5730
5735
5731
5740
5743
5731
5755
5756
5752
5758
5769
5763
5755
5755
5756
5783
5778
5769
5765
5768
5772
5772
5772
5770
5775
5789
5793
5794
5786
5794
5792
5781
5785
5794
5783
5786
5786
5804
5799
5800
5793
5791
5794
5787
5804
5801
5803
5809
5791
5805
5800
5795
5819
5833
5829
5833
5829
5828
5834
5837
5840
5845
5851
5853
5843
5853
5860
5875
5869
5864
5863
5867
5878
5877
5873
5876
5881
5901
5885
5900
5906
5894
5912
5910
5912
5912
5903
5924
5923
5930
5930
5917
5916
5940
5929
5927
5932
5946
5930
5942
5944
5954
5944
5951
5947
5951
5955
5963
5960
5945
5961
5957
5974
5969
5988
5983
5990
5987
5999
5991
6010
6001
6001
6005
6011
6014
6032
6021
6029
6023
6032
6030
6038
6034
6031
6034
5837
5832
5811
5809
5816
5812
5800
5801
5781
5791
5796
5779
5779
5768
5772
5768
5764
5772
5751
5767
5754
5744
5756
5728
5743
5731
5725
5730
5724
5720
5703
5707
5693
5709
5692
5685
5708
5711
5701
5696
5706
5694
5695
5693
5699
5679
5694
5696
5674
5680
5678
5683
5675
5669
5676
5666
5674
5658
5659
5643
5658
5646
5644
5652
5639
5648
5624
5643
5637
5624
5620
5608
5614
5606
5617
5616
5607
5609
5601
5598
5592
5593
5582
5573
5582
5589
5572
5580
5581
5587
5572
5575
5587
5576
5574
5745
5783
5799
5794
5809
5814
5813
5826
5832
5841
5846
5862
5872
5865
5866
5887
5886
5874
5887
5891
5891
5892
5893
5895
5896
5908
5892
5902
5915
5920
5912
5899
5913
5912
5760
5716
5723
5714
5699
5700
5709
5699
5685
5683
5671
5663
5664
5669
5648
5661
5642
5640
5641
5639
5616
5614
5603
5610
5588
5601
5579
5596
5596
5591
5589
5583
5582
5590
5573
5563
5574
5559
5577
5572
5575
5569
5561
5562
5564
5573
5559
5573
5561
5570
5557
5561
5562
5554
5560
5563
5570
5562
5558
5553
5555
5542
5560
5545
5558
5560
5546
5554
5546
5544
5543
5552
5532
5550
5535
5534
5543
5527
5534
5525
5528
5519
5530
5532
5517
5519
5505
5535
5530
5518
5532
5530
5529
5535
5542
5530
5527
5534
5544
5529
5541
5550
5548
5531
5533
5543
5544
5536
5542
5535
5533
5531
5529
5531
5530
5535
5537
5528
5536
5543
5532
5522
5520
5538
5515
5527
5514
5518
5515
5513
5524
5521
5502
5515
5481
5588
5748
5771
5762
5757
5829
5813
5817
5836
5840
5842
5844
5866
5889
5900
5900
5914
5921
5937
5953
5953
5959
5972
5976
5994
5992
6010
6014
6013
6018
6011
6001
5960
5830
5837
5831
5830
5822
5824
5821
5809
5819
5798
5806
5807
5792
5791
5784
5784
5796
5783
5788
5777
5760
5774
5762
5751
5629
5579
5582
5582
5559
5566
5552
5549
5549
5526
5518
5519
5512
5495
5481
5512
5509
5488
5493
5491
5486
5486
5478
5466
5626
5617
5639
5642
5646
5637
5664
5665
5654
5653
5659
5676
5674
5681
5672
5699
5676
5701
5688
5701
5695
5698
5698
5704
5718
5710
5727
5712
5714
5730
5738
5727
5734
5737
5739
5742
5749
5759
5754
5752
5759
5761
5751
5771
5765
5772
5774
5770
5774
5785
5752
5790
5797
5794
5784
5791
5791
5814
5819
5826
5804
5816
5828
5832
5827
5830
5838
5848
5839
5835
5844
5848
5851
5847
5844
5857
5851
5849
5845
5849
5841
5833
5824
5842
5827
5829
5820
5819
5826
5812
5806
5808
5818
5805
5801
5809
5810
5797
5797
5793
5783
5787
5783
5773
5784
5684
5574
5574
5575
5580
5556
5583
5563
5570
5563
5550
5547
5552
5542
5538
5526
5536
5527
5525
5513
5521
5505
5500
5495
5484
5486
5482
5466
5472
5460
5468
5463
5435
5452
5444
5431
5420
5414
5397
5402
5398
5406
5374
5390
5386
5367
5371
5360
5354
5342
5348
5327
5320
5327
5322
5305
5309
5292
5305
5297
5290
5292
5285
5282
5283
5262
5293
5286
5290
5288
5286
5294
5302
5289
5291
5278
5294
5287
5287
5292
5277
5279
5297
5280
5276
5266
5282
5274
5280
5269
5270
5274
5272
5276
5260
5269
5257
5265
5266
5382
5472
5465
5478
5465
5475
5480
5473
5489
5487
5485
5482
5493
5486
5492
5502
5494
5501
5496
5505
5498
5506
5502
5502
5495
5511
5507
5545
5533
5538
5535
5550
5559
5549
5574
5555
5566
5564
5574
5569
5589
5598
5577
5598
5598
5586
5601
5589
5597
5593
5590
5590
5590
5583
5582
5582
5589
5586
5574
5575
5570
5567
5580
5569
5584
5562
5577
5556
5555
5548
5563
5560
5547
5542
5545
5538
5546
5555
5545
5534
5536
5533
5537
5529
5530
5518
5502
5536
5543
5529
5538
5523
5534
5540
5534
5534
5526
5522
5526
5539
5533
5539
5523
5537
5528
5521
5519
5517
5525
5524
5523
5526
5524
5516
5524
5528
5505
5518
5508
5518
5498
5512
5501
5505
5502
5499
5505
5497
5492
5492
5495
5495
5497
5494
5487
5489
5491
5487
5483
5489
5484
5475
5475
5454
5479
5477
5456
5487
5494
5481
5479
5485
5484
5480
5473
5475
5477
5477
5491
5488
5472
5490
5469
5475
5487
5478
5481
5488
5475
5470
5480
5471
5479
5478
5465
5471
5476
5474
5458
5464
5469
5469
5460
5459
5454
5453
5460
5454
5458
5453
5462
5463
5442
5463
5443
5435
5455
5436
5447
5423
5441
5434
5430
5433
5420
5437
5426
5442
5439
5438
5438
5428
5430
5439
5439
5439
5445
5432
5436
5432
5440
5431
5449
5442
5437
5430
5439
5425
5446
5442
5433
5438
5435
5428
5433
5425
5432
5419
5414
5425
5422
5429
5431
5421
5415
5427
5404
5404
5409
5405
5414
5408
5418
5409
5397
5398
5394
5397
5398
5386
5403
5376
5378
5386
5397
5367
5403
5400
5393
5380
5389
5398
5409
5404
5404
5391
5415
5399
5407
5405
5409
5404
5404
5411
5381
5395
5379
5390
5382
5442
5478
5492
5500
5491
5503
5498
5484
5501
5502
5485
5498
5503
5494
5486
5501
5504
5495
5496
5491
5672
5676
5662
5684
5678
5689
5693
5702
5702
5708
5719
5705
5717
5728
5720
5741
5728
5778
5761
5773
5789
5795
5792
5813
5821
5814
5832
5837
5845
5846
5844
5849
5862
5873
5863
5877
5896
5894
5902
5913
5915
5928
5931
5924
5940
5942
5948
5946
5951
5957
5958
5966
5952
5963
5970
5959
5961
5981
5965
5972
5972
5976
5982
5985
5988
5966
5987
5971
5990
5973
5987
5983
5991
5967
5980
5996
5963
5999
6010
6010
5994
6002
6016
6010
5786
5762
5777
5769
5761
5767
5762
5764
5751
5747
5741
5731
5731
5734
5719
5720
5717
5710
5699
5703
5686
5690
5692
5692
5678
5671
5667
5663
5653
5650
5670
5655
5646
5651
5666
5656
5652
5649
5640
5643
5641
5634
5636
5652
5650
5650
5626
5640
5638
5638
5640
5628
5623
5634
5653
5639
5651
5646
5660
5652
5660
5642
5656
5649
5662
5666
5649
5662
5658
5651
5659
5665
5659
5649
5656
5663
5670
5653
5661
5670
5648
5657
5663
5668
5655
5648
5657
5649
5649
5662
5642
5645
5638
5645
5652
5637
5646
5627
5635
5623
5637
5638
5630
5624
5631
5619
5613
5613
5618
5621
5628
5609
5595
5621
5625
5633
5629
5627
5630
5623
5624
5622
5627
5634
5625
5620
5623
5619
5629
5615
5637
5629
5612
5620
5629
5619
5619
5629
5618
5621
5617
5622
5608
5629
5624
5621
5611
5613
5612
5617
5611
5608
5598
5603
5606
5596
5586
5592
5596
5578
5585
5585
5593
5578
5581
5579
5582
5565
5566
5556
5560
5577
5555
5575
5586
5572
5586
5582
5585
5584
5580
5588
5590
5589
5582
5589
5579
5587
5578
5589
5588
5583
5580
5591
5590
5581
5585
5583
5575
5571
5577
5580
5568
5576
5574
5567
5573
5563
5570
5570
5558
5560
5565
5569
5561
5556
5560
5560
5563
5557
5557
5560
5567
5552
5545
5550
5538
5534
5547
5540
5542
5537
5532
5545
5534
5551
5547
5541
5548
5556
5555
5547
5544
5550
5541
5563
5554
5540
5551
5556
5550
5552
5542
5540
5547
5533
5543
5546
5543
5543
5541
5531
5538
5531
5537
5537
5535
5520
5538
5527
5532
5535
5526
5528
5540
5525
5529
5514
5528
5520
5508
5590
5691
5692
5699
5702
5710
5715
5723
5722
5715
5732
5738
5753
5749
5754
5754
5761
5777
5770
5774
5781
5798
5809
5800
5816
5806
5824
5819
5820
5826
5836
5834
5828
5842
5838
5830
5846
5841
5850
5839
5837
5850
5844
5849
5839
5841
5854
5845
5858
5847
5851
5849
5850
5850
5861
5858
5867
5867
5858
5865
5866
5859
5876
5870
5862
5865
5865
5868
5871
5858
5854
5843
5886
5873
5881
5887
5896
5896
5893
5891
5901
5900
5913
5904
5897
5918
5916
5915
5917
5915
5925
5926
5927
5924
5930
5922
5930
5943
5936
5937
5925
5947
5949
5930
5948
5929
5945
5957
5948
5947
5948
5949
5953
5946
5954
5948
5959
5955
5962
5959
5960
5948
5964
5967
5960
5967
5961
5960
5970
5952
5963
5962
5970
5984
5971
5990
5979
5983
6001
6009
5996
6003
6002
6000
6001
6004
6020
6008
6012
6021
6026
6032
6025
6020
6021
6022
6030
6037
6039
6031
6037
5937
5828
5824
5816
5829
5815
5808
5798
5794
5788
5796
5790
5780
5784
5766
5765
5771
5753
5750
5755
5745
5747
5736
5740
5738
5734
5724
5718
5720
5710
5693
5718
5704
5710
5703
5710
5710
5701
5709
5688
5686
5702
5691
5688
5679
5685
5684
5677
5665
5662
5656
5653
5650
5656
5659
5636
5639
5636
5631
5629
5628
5631
5628
5613
5600
5613
5596
5606
5587
5594
5588
5592
5581
5570
5577
5581
5562
5558
5561
5547
5536
5554
5546
5536
5544
5524
5533
5527
5506
5520
5503
5535
5516
5521
5509
5505
5504
5515
5516
5505
5506
5508
5497
5495
5493
5574
5686
5700
5698
5701
5710
5716
5716
5719
5707
5723
5733
5721
5745
5743
5730
5730
5728
5743
5748
5732
5745
5733
5738
5743
5745
5739
5746
5750
5736
5750
5747
5740
5742
5738
5744
5756
5748
5748
5735
5745
5736
5733
5753
5746
5731
5762
5753
5767
5775
5767
5776
5768
5774
5772
5775
5778
5777
5790
5789
5781
5792
5799
5795
5795
5801
5799
5790
5793
5804
5788
5791
5804
5788
5794
5798
5796
5794
5800
5787
5799
5809
5806
5795
5797
5801
5794
5806
5809
5803
5795
5806
5798
5782
5794
5789
5786
5806
5783
5785
5705
5626
5614
5618
5594
5591
5613
5596
5607
5591
5596
5584
5572
5588
5587
5574
5569
5577
5571
5583
5579
5567
5570
5560
5566
5570
5561
5571
5563
5560
5554
5546
5563
5556
5549
5552
5556
5540
5551
5546
5545
5543
5538
5548
5527
5543
5533
5535
5539
5528
5530
5524
5525
5511
5521
5505
5504
5495
5491
5499
5483
5485
5495
5484
5481
5465
5494
5488
5495
5480
5475
5485
5487
5476
5464
5482
5475
5478
5479
5475
5467
5459
5467
5450
5699
5690
5690
5705
5710
5706
5711
5723
5719
5721
5727
5717
5740
5734
5725
5747
5730
5745
5734
